1 29 A 10
1 35 A 10
2 55 A 10
2 47 A 10
3 70 A 10
3 68 A 10
0 0 0 0
1 28 A 10
1 25 A 10
2 60 A 10
2 54 A 10
3 72 A 10
3 82 A 10
0 0 0 0
1 43 A 10
1 25 A 10
2 48 A 10
2 57 A 10
3 83 A 10
3 72 A 10
0 0 0 0
1 28 A 10
1 41 A 10
1 31 A 10
2 45 A 10
2 64 A 10
2 46 A 10
3 73 A 10
3 78 A 10
0 0 0 0
0 3 A 10
0 18 A 10
0 2 A 10
1 29 A 10
3 80 A 10
0 0 0 0
0 13 A 10
0 15 A 10
0 12 A 10
1 32 A 10
1 39 A 10
3 86 P 5
0 0 0 0
0 20 A 10
0 22 A 10
0 3 A 10
1 28 A 10
3 85 A 10
0 0 0 0
0 21 A 10
0 13 A 10
0 3 A 10
1 41 A 10
3 69 A 10
0 0 0 0
3 69 D 10
3 85 D 10
0 0 0 0
3 80 D 10
0 0 0 0
0 4 P 5
3 78 D 10
3 73 D 10
0 0 0 0
0 3 D 10
3 72 D 10
0 0 0 0
0 10 A 10
0 6 A 10
1 39 A 10
2 61 A 10
2 64 A 10
3 70 A 10
0 0 0 0
1 31 A 10
2 46 A 10
3 68 P 5
0 0 0 0
0 14 A 10
0 15 A 10
0 13 A 10
1 35 A 10
2 49 A 10
3 77 A 10
0 0 0 0
0 12 A 10
1 37 A 10
1 24 A 10
2 61 A 10
3 71 P 5
0 0 0 0
0 14 A 10
1 24 D 10
2 58 A 10
3 77 D 10
0 0 0 0
0 2 A 10
1 41 P 5
2 45 P 5
3 70 D 10
0 0 0 0
0 4 A 10
1 37 D 10
2 54 P 5
3 83 D 10
0 0 0 0
0 5 A 10
1 35 D 10
2 59 P 5
3 72 P 5
0 0 0 0
0 18 P 5
1 30 P 5
2 63 P 5
3 84 A 10
3 77 A 10
0 0 0 0
0 5 D 10
1 31 D 10
2 58 D 10
3 78 A 10
0 0 0 0
3 79 A 10
0 0 0 0
0 9 P 5
1 39 D 10
2 62 P 5
3 77 A 10
3 81 A 10
0 0 0 0
0 13 A 10
1 33 A 10
2 61 D 10
0 0 0 0
1 26 A 10
2 49 D 10
0 0 0 0
0 19 A 10
2 46 D 10
2 64 D 10
0 0 0 0
1 41 A 10
2 61 D 10
0 0 0 0
0 19 D 10
1 43 P 5
2 56 A 10
3 81 D 10
0 0 0 0
0 13 D 10
0 4 D 10
1 41 D 10
3 77 D 10
0 0 0 0
0 2 D 10
1 30 P 5
2 10 A 10
3 79 D 10
0 0 0 0
0 14 D 10
1 26 D 10
2 45 A 10
2 52 A 10
3 78 D 10
0 0 0 0
0 12 D 10
0 13 D 10
1 33 D 10
2 63 A 10
0 0 0 0
0 15 D 10
0 14 D 10
1 41 D 10
2 51 A 10
2 49 A 10
0 0 0 0
0 6 D 10
0 10 D 10
1 28 D 10
3 83 P 20
0 0 0 0
0 13 D 10
0 21 D 10
1 39 D 10
2 54 A 10
0 0 0 0
0 3 D 10
0 22 D 10
1 32 D 10
1 29 D 10
2 54 D 10
2 49 D 10
2 51 D 10
3 87 P 20
0 0 0 0
0 20 D 10
0 12 D 10
1 31 D 10
2 63 D 10
2 52 D 10
2 45 D 10
3 77 D 10
0 0 0 0
0 15 D 10
0 13 D 10
1 41 D 10
2 10 D 10
2 56 D 10
2 46 D 10
3 68 P 30
0 0 0 0
0 2 D 10
0 18 D 10
1 28 D 10
1 25 D 10
2 64 D 10
2 45 D 10
2 57 D 10
3 84 D 10
3 78 P 30
0 0 0 0
1 43 D 10
2 48 D 10
0 0 0 0
1 37 P 30
2 10 P 30
0 0 0 0
0 11 P 30
1 32 P 30
2 51 P 30
0 0 0 0
1 29 A 10
1 35 A 10
2 55 A 10
2 47 A 10
3 70 A 10
3 68 A 10
1 28 Q 60
0 0 0 0
1 28 A 10
1 25 A 10
2 60 A 10
2 54 A 10
3 72 A 10
3 82 A 10
3 85 Q 60
1 26 Q 60
1 27 Q 60
0 0 0 0
1 43 A 10
1 25 A 10
2 48 A 10
2 57 A 10
3 83 A 10
3 72 A 10
3 73 Q 60
3 75 Q 60
0 0 0 0
1 28 A 10
1 41 A 10
1 31 A 10
2 45 A 10
2 64 A 10
2 46 A 10
3 73 A 10
3 78 A 10
0 0 0 0
0 3 A 10
0 18 A 10
0 2 A 10
1 29 A 10
3 80 A 10
0 0 0 0
0 13 A 10
0 15 A 10
0 12 A 10
1 32 A 10
1 39 A 10
3 86 P 5
0 0 0 0
0 20 A 10
0 22 A 10
0 3 A 10
1 28 A 10
3 85 A 10
3 84 Q 60
0 0 0 0
0 21 A 10
0 13 A 10
0 3 A 10
1 41 A 10
3 69 A 10
3 70 Q 30
0 0 0 0
3 69 D 10
3 85 D 10
0 15 Q 60
0 0 0 0
3 80 D 10
1 37 Q 60
0 0 0 0
0 4 P 5
3 78 D 10
3 73 D 10
1 39 Q 60
0 0 0 0
0 3 D 10
3 72 D 10
0 0 0 0
0 10 A 10
0 6 A 10
1 39 A 10
2 61 A 10
2 64 A 10
3 70 A 10
0 0 0 0
1 31 A 10
2 46 A 10
3 68 P 5
0 0 0 0
0 14 A 10
0 15 A 10
0 13 A 10
1 35 A 10
2 49 A 10
3 77 A 10
0 0 0 0
0 12 A 10
1 37 A 10
1 24 A 10
2 61 A 10
3 71 P 5
0 0 0 0
0 14 A 10
1 24 D 10
2 58 A 10
3 77 D 10
0 0 0 0
0 2 A 10
1 41 P 5
2 45 P 5
3 70 D 10
0 0 0 0
0 4 A 10
1 37 D 10
2 54 P 5
3 83 D 10
0 0 0 0
0 5 A 10
1 35 D 10
2 59 P 5
3 72 P 5
0 0 0 0
0 18 P 5
1 30 P 5
2 63 P 5
3 84 A 10
3 77 A 10
0 0 0 0
0 5 D 10
1 31 D 10
2 58 D 10
3 78 A 10
0 0 0 0
3 79 A 10
0 0 0 0
0 9 P 5
1 39 D 10
2 62 P 5
3 77 A 10
3 81 A 10
0 0 0 0
0 13 A 10
1 33 A 10
2 61 D 10
0 0 0 0
1 26 A 10
2 49 D 10
0 0 0 0
0 19 A 10
2 46 D 10
2 64 D 10
0 0 0 0
1 41 A 10
2 61 D 10
0 0 0 0
0 19 D 10
1 43 P 5
2 56 A 10
3 81 D 10
0 0 0 0
0 13 D 10
0 4 D 10
1 41 D 10
3 77 D 10
0 0 0 0
0 2 D 10
1 30 P 5
2 10 A 10
3 79 D 10
0 0 0 0
0 14 D 10
1 26 D 10
2 45 A 10
2 52 A 10
3 78 D 10
0 0 0 0
0 12 D 10
0 13 D 10
1 33 D 10
2 63 A 10
0 0 0 0
0 15 D 10
0 14 D 10
1 41 D 10
2 51 A 10
2 49 A 10
0 0 0 0
0 6 D 10
0 10 D 10
1 28 D 10
3 83 P 20
0 0 0 0
0 13 D 10
0 21 D 10
1 39 D 10
2 54 A 10
0 0 0 0
0 3 D 10
0 22 D 10
1 32 D 10
1 29 D 10
2 54 D 10
2 49 D 10
2 51 D 10
3 87 P 20
0 0 0 0
0 20 D 10
0 12 D 10
1 31 D 10
2 63 D 10
2 52 D 10
2 45 D 10
3 77 D 10
0 0 0 0
0 15 D 10
0 13 D 10
1 41 D 10
2 10 D 10
2 56 D 10
2 46 D 10
3 68 P 30
0 0 0 0
0 2 D 10
0 18 D 10
1 28 D 10
1 25 D 10
2 64 D 10
2 45 D 10
2 57 D 10
3 84 D 10
3 78 P 30
0 0 0 0
1 43 D 10
2 48 D 10
0 0 0 0
1 37 P 30
2 10 P 30
0 0 0 0
0 11 P 30
1 32 P 30
2 51 P 30
0 0 0 0
